{
    "fl_x": 400.0,
    "fl_y": 400.0,
    "cx": 200.0,
    "cy": 200.0,
    "w": 400,
    "h": 400,
    "camera_model": "OPENCV",
    "k1": 0.0,
    "k2": 0.0,
    "k3": 0,
    "k4": 0,
    "p1": 0.0,
    "p2": 0.0,
    "aabb_scale": 2,
    "frames": [
        {
            "file_path": "data/00_image.png",
            "mask_path": "data/00_mask.png",
            "transform_matrix": [
                [
                    -0.24013933539390564,
                    -0.2706988453865051,
                    0.9322313070297241,
                    0.9279801845550537
                ],
                [
                    0.970738410949707,
                    -0.06696493923664093,
                    0.23061352968215942,
                    0.22956189513206482
                ],
                [
                    0.0,
                    0.9603321552276611,
                    0.2788586914539337,
                    0.27758705615997314
                ],
                [
                    0.0,
                    0.0,
                    0.0,
                    1.0
                ]
            ]
        },
        {
            "file_path": "data/01_image.png",
            "mask_path": "data/01_mask.png",
            "transform_matrix": [
                [
                    0.16800065338611603,
                    -0.30064982175827026,
                    -0.9388213157653809,
                    -0.9385570287704468
                ],
                [
                    -0.9857868552207947,
                    -0.05123760923743248,
                    -0.1599966436624527,
                    -0.1599515974521637
                ],
                [
                    0.0,
                    0.952357292175293,
                    -0.30498456954956055,
                    -0.3048987090587616
                ],
                [
                    0.0,
                    0.0,
                    0.0,
                    1.0
                ]
            ]
        },
        {
            "file_path": "data/02_image.png",
            "mask_path": "data/02_mask.png",
            "transform_matrix": [
                [
                    0.9985597729682922,
                    -0.023482605814933777,
                    0.048237305134534836,
                    0.048163916915655136
                ],
                [
                    0.05364951118826866,
                    0.43707361817359924,
                    -0.8978242874145508,
                    -0.8964583277702332
                ],
                [
                    0.0,
                    0.8991191983222961,
                    0.4377039670944214,
                    0.43703803420066833
                ],
                [
                    0.0,
                    0.0,
                    0.0,
                    1.0
                ]
            ]
        },
        {
            "file_path": "data/03_image.png",
            "mask_path": "data/03_mask.png",
            "transform_matrix": [
                [
                    0.6812973022460938,
                    0.648627519607544,
                    0.33928805589675903,
                    0.3382960557937622
                ],
                [
                    0.732006847858429,
                    -0.6036940217018127,
                    -0.3157839775085449,
                    -0.3148607015609741
                ],
                [
                    0.0,
                    0.46350395679473877,
                    -0.886094868183136,
                    -0.8835040926933289
                ],
                [
                    0.0,
                    0.0,
                    0.0,
                    1.0
                ]
            ]
        },
        {
            "file_path": "data/04_image.png",
            "mask_path": "data/04_mask.png",
            "transform_matrix": [
                [
                    -0.7699394822120667,
                    0.5330691933631897,
                    -0.350756973028183,
                    -0.34911787509918213
                ],
                [
                    -0.6381168961524963,
                    -0.6431909799575806,
                    0.4232165515422821,
                    0.42123886942863464
                ],
                [
                    0.0,
                    0.5496751070022583,
                    0.8353785872459412,
                    0.8314748406410217
                ],
                [
                    0.0,
                    0.0,
                    0.0,
                    1.0
                ]
            ]
        },
        {
            "file_path": "data/05_image.png",
            "mask_path": "data/05_mask.png",
            "transform_matrix": [
                [
                    -0.9986722469329834,
                    -0.021153204143047333,
                    -0.04697072505950928,
                    -0.04683376103639603
                ],
                [
                    -0.051514144986867905,
                    0.4100838303565979,
                    0.9105918407440186,
                    0.9079366326332092
                ],
                [
                    0.0,
                    0.9118025302886963,
                    -0.410629004240036,
                    -0.4094316363334656
                ],
                [
                    0.0,
                    0.0,
                    0.0,
                    1.0
                ]
            ]
        },
        {
            "file_path": "data/06_image.png",
            "mask_path": "data/06_mask.png",
            "transform_matrix": [
                [
                    0.6264090538024902,
                    0.08206430077552795,
                    0.7751626372337341,
                    0.7725428342819214
                ],
                [
                    0.7794945240020752,
                    -0.06594763696193695,
                    -0.6229279041290283,
                    -0.6208226084709167
                ],
                [
                    0.0,
                    0.9944427609443665,
                    -0.1052788645029068,
                    -0.1049230545759201
                ],
                [
                    0.0,
                    0.0,
                    0.0,
                    1.0
                ]
            ]
        },
        {
            "file_path": "data/07_image.png",
            "mask_path": "data/07_mask.png",
            "transform_matrix": [
                [
                    0.9423809051513672,
                    -0.14604689180850983,
                    -0.3009793162345886,
                    -0.2999277412891388
                ],
                [
                    -0.33454185724258423,
                    -0.4114038348197937,
                    -0.8478376269340515,
                    -0.8448753952980042
                ],
                [
                    0.0,
                    0.8996761441230774,
                    -0.43655791878700256,
                    -0.4350326657295227
                ],
                [
                    0.0,
                    0.0,
                    0.0,
                    1.0
                ]
            ]
        },
        {
            "file_path": "data/08_image.png",
            "mask_path": "data/08_mask.png",
            "transform_matrix": [
                [
                    0.47896578907966614,
                    0.5047076344490051,
                    -0.7182353138923645,
                    -0.7144871950149536
                ],
                [
                    -0.8778335452079773,
                    0.27537986636161804,
                    -0.391885370016098,
                    -0.389840304851532
                ],
                [
                    0.0,
                    0.8181907534599304,
                    0.5749468207359314,
                    0.5719464421272278
                ],
                [
                    0.0,
                    0.0,
                    0.0,
                    1.0
                ]
            ]
        },
        {
            "file_path": "data/09_image.png",
            "mask_path": "data/09_mask.png",
            "transform_matrix": [
                [
                    0.39499324560165405,
                    -0.8374110460281372,
                    0.37778714299201965,
                    0.3764936625957489
                ],
                [
                    0.9186840057373047,
                    0.3600494861602783,
                    -0.16243165731430054,
                    -0.16187551617622375
                ],
                [
                    0.0,
                    0.41122645139694214,
                    0.9115331768989563,
                    0.9084122776985168
                ],
                [
                    0.0,
                    0.0,
                    0.0,
                    1.0
                ]
            ]
        },
        {
            "file_path": "data/10_image.png",
            "mask_path": "data/10_mask.png",
            "transform_matrix": [
                [
                    -0.5105136036872864,
                    -0.7704852223396301,
                    -0.3817439079284668,
                    -0.3794832229614258
                ],
                [
                    -0.859869658946991,
                    0.4574451148509979,
                    0.2266453355550766,
                    0.22530315816402435
                ],
                [
                    0.0,
                    0.44395551085472107,
                    -0.8960488438606262,
                    -0.8907424807548523
                ],
                [
                    0.0,
                    0.0,
                    0.0,
                    1.0
                ]
            ]
        },
        {
            "file_path": "data/11_image.png",
            "mask_path": "data/11_mask.png",
            "transform_matrix": [
                [
                    -0.644283652305603,
                    0.05009540170431137,
                    -0.7631441950798035,
                    -0.7594629526138306
                ],
                [
                    -0.7647866010665894,
                    -0.042202163487672806,
                    0.6428999900817871,
                    0.6397987604141235
                ],
                [
                    0.0,
                    0.9978524446487427,
                    0.06550245732069016,
                    0.06518648564815521
                ],
                [
                    0.0,
                    0.0,
                    0.0,
                    1.0
                ]
            ]
        },
        {
            "file_path": "data/12_image.png",
            "mask_path": "data/12_mask.png",
            "transform_matrix": [
                [
                    -0.9430027604103088,
                    -0.13570336997509003,
                    0.3038592040538788,
                    0.3028920590877533
                ],
                [
                    0.3327849507331848,
                    -0.38453859090805054,
                    0.8610367774963379,
                    0.8582962155342102
                ],
                [
                    0.0,
                    0.9130798578262329,
                    0.4077809751033783,
                    0.40648308396339417
                ],
                [
                    0.0,
                    0.0,
                    0.0,
                    1.0
                ]
            ]
        },
        {
            "file_path": "data/13_image.png",
            "mask_path": "data/13_mask.png",
            "transform_matrix": [
                [
                    -0.5373282432556152,
                    0.4744226038455963,
                    0.697281539440155,
                    0.6951689124107361
                ],
                [
                    0.84337317943573,
                    0.30226317048072815,
                    0.4442506432533264,
                    0.44290465116500854
                ],
                [
                    0.0,
                    0.8267769813537598,
                    -0.5625298619270325,
                    -0.5608254671096802
                ],
                [
                    0.0,
                    0.0,
                    0.0,
                    1.0
                ]
            ]
        },
        {
            "file_path": "data/14_image.png",
            "mask_path": "data/14_mask.png",
            "transform_matrix": [
                [
                    0.6846165657043457,
                    0.006903658155351877,
                    -0.7288707494735718,
                    -0.7270547151565552
                ],
                [
                    -0.7289034724235535,
                    0.006484203971922398,
                    -0.6845858097076416,
                    -0.682880163192749
                ],
                [
                    0.0,
                    0.9999551773071289,
                    0.009471292607486248,
                    0.009447694756090641
                ],
                [
                    0.0,
                    0.0,
                    0.0,
                    1.0
                ]
            ]
        },
        {
            "file_path": "data/15_image.png",
            "mask_path": "data/15_mask.png",
            "transform_matrix": [
                [
                    0.6882075667381287,
                    -0.37045207619667053,
                    0.6238073706626892,
                    0.6224758625030518
                ],
                [
                    0.7255138158798218,
                    0.35140326619148254,
                    -0.5917308926582336,
                    -0.5904678702354431
                ],
                [
                    0.0,
                    0.8598145246505737,
                    0.5106065273284912,
                    0.5095166563987732
                ],
                [
                    0.0,
                    0.0,
                    0.0,
                    1.0
                ]
            ]
        },
        {
            "file_path": "data/16_image.png",
            "mask_path": "data/16_mask.png",
            "transform_matrix": [
                [
                    0.9294233322143555,
                    0.18201664090156555,
                    0.32100191712379456,
                    0.32064491510391235
                ],
                [
                    0.36901530623435974,
                    -0.45843765139579773,
                    -0.8084940314292908,
                    -0.807594895362854
                ],
                [
                    0.0,
                    0.8698878288269043,
                    -0.4932495653629303,
                    -0.4927010238170624
                ],
                [
                    0.0,
                    0.0,
                    0.0,
                    1.0
                ]
            ]
        },
        {
            "file_path": "data/17_image.png",
            "mask_path": "data/17_mask.png",
            "transform_matrix": [
                [
                    0.7937219142913818,
                    -0.5277038812637329,
                    -0.30254611372947693,
                    -0.3012673854827881
                ],
                [
                    -0.6082807779312134,
                    -0.6885802745819092,
                    -0.39478063583374023,
                    -0.39311206340789795
                ],
                [
                    0.0,
                    0.49737903475761414,
                    -0.8675333857536316,
                    -0.8638666868209839
                ],
                [
                    0.0,
                    0.0,
                    0.0,
                    1.0
                ]
            ]
        },
        {
            "file_path": "data/18_image.png",
            "mask_path": "data/18_mask.png",
            "transform_matrix": [
                [
                    0.6284422874450684,
                    0.7358865141868591,
                    -0.2520541250705719,
                    -0.25072941184043884
                ],
                [
                    -0.777856171131134,
                    0.5945343375205994,
                    -0.20363850891590118,
                    -0.20256824791431427
                ],
                [
                    0.0,
                    0.32403692603111267,
                    0.946044385433197,
                    0.9410722851753235
                ],
                [
                    0.0,
                    0.0,
                    0.0,
                    1.0
                ]
            ]
        },
        {
            "file_path": "data/19_image.png",
            "mask_path": "data/19_mask.png",
            "transform_matrix": [
                [
                    0.20094522833824158,
                    0.5184135437011719,
                    0.8311849236488342,
                    0.8279971480369568
                ],
                [
                    0.9796025156974792,
                    -0.10634183883666992,
                    -0.17050042748451233,
                    -0.1698465198278427
                ],
                [
                    0.0,
                    0.8484920859336853,
                    -0.5292080640792847,
                    -0.5271784663200378
                ],
                [
                    0.0,
                    0.0,
                    0.0,
                    1.0
                ]
            ]
        },
        {
            "file_path": "data/20_image.png",
            "mask_path": "data/20_mask.png",
            "transform_matrix": [
                [
                    -0.09244844317436218,
                    0.26215675473213196,
                    -0.9605869054794312,
                    -0.9552320837974548
                ],
                [
                    -0.995717465877533,
                    -0.024340219795703888,
                    0.08918670564889908,
                    0.08868953585624695
                ],
                [
                    0.0,
                    0.9647183418273926,
                    0.26328426599502563,
                    0.2618165910243988
                ],
                [
                    0.0,
                    0.0,
                    0.0,
                    1.0
                ]
            ]
        },
        {
            "file_path": "data/21_image.png",
            "mask_path": "data/21_mask.png",
            "transform_matrix": [
                [
                    -0.780329167842865,
                    0.5817343592643738,
                    0.22950272262096405,
                    0.2284844070672989
                ],
                [
                    0.6253689527511597,
                    0.725882351398468,
                    0.2863712012767792,
                    0.2851005494594574
                ],
                [
                    0.0,
                    0.3669876754283905,
                    -0.9302258491516113,
                    -0.9260984063148499
                ],
                [
                    0.0,
                    0.0,
                    0.0,
                    1.0
                ]
            ]
        },
        {
            "file_path": "data/22_image.png",
            "mask_path": "data/22_mask.png",
            "transform_matrix": [
                [
                    -0.8631842136383057,
                    -0.4322964549064636,
                    0.26083114743232727,
                    0.260379821062088
                ],
                [
                    0.5048892498016357,
                    -0.7390759587287903,
                    0.4459301233291626,
                    0.4451585114002228
                ],
                [
                    0.0,
                    0.5166106224060059,
                    0.8562204837799072,
                    0.8547389507293701
                ],
                [
                    0.0,
                    0.0,
                    0.0,
                    1.0
                ]
            ]
        },
        {
            "file_path": "data/23_image.png",
            "mask_path": "data/23_mask.png",
            "transform_matrix": [
                [
                    -0.9673776030540466,
                    0.04098818451166153,
                    -0.25000104308128357,
                    -0.2497381716966629
                ],
                [
                    -0.2533388137817383,
                    -0.15651392936706543,
                    0.9546323418617249,
                    0.9536285996437073
                ],
                [
                    0.0,
                    0.9868249297142029,
                    0.16179196536540985,
                    0.1616218537092209
                ],
                [
                    0.0,
                    0.0,
                    0.0,
                    1.0
                ]
            ]
        },
        {
            "file_path": "data/24_image.png",
            "mask_path": "data/24_mask.png",
            "transform_matrix": [
                [
                    -0.713335394859314,
                    0.016204582527279854,
                    0.7006354331970215,
                    0.6995335221290588
                ],
                [
                    0.7008227705955505,
                    0.01649390161037445,
                    0.7131447196006775,
                    0.712023138999939
                ],
                [
                    0.0,
                    0.9997326731681824,
                    -0.02312222495675087,
                    -0.023085860535502434
                ],
                [
                    0.0,
                    0.0,
                    0.0,
                    1.0
                ]
            ]
        },
        {
            "file_path": "data/25_image.png",
            "mask_path": "data/25_mask.png",
            "transform_matrix": [
                [
                    -0.7423334717750549,
                    -0.34096482396125793,
                    -0.5767876505851746,
                    -0.5740681290626526
                ],
                [
                    -0.6700305938720703,
                    0.377758264541626,
                    0.6390287280082703,
                    0.6360157132148743
                ],
                [
                    0.0,
                    0.8608378171920776,
                    -0.5088794231414795,
                    -0.5064800977706909
                ],
                [
                    0.0,
                    0.0,
                    0.0,
                    1.0
                ]
            ]
        },
        {
            "file_path": "data/26_image.png",
            "mask_path": "data/26_mask.png",
            "transform_matrix": [
                [
                    0.9315359592437744,
                    -0.00689242547377944,
                    0.363584041595459,
                    0.3623977303504944
                ],
                [
                    0.3636493980884552,
                    0.017655858770012856,
                    -0.9313685297966003,
                    -0.9283296465873718
                ],
                [
                    0.0,
                    0.9998204112052917,
                    0.018953491002321243,
                    0.018891649320721626
                ],
                [
                    0.0,
                    0.0,
                    0.0,
                    1.0
                ]
            ]
        },
        {
            "file_path": "data/27_image.png",
            "mask_path": "data/27_mask.png",
            "transform_matrix": [
                [
                    0.28693467378616333,
                    -0.23885932564735413,
                    0.927693247795105,
                    0.923455536365509
                ],
                [
                    0.9579501152038574,
                    0.07154550403356552,
                    -0.2778718173503876,
                    -0.27660250663757324
                ],
                [
                    0.0,
                    0.9684149026870728,
                    0.24934421479701996,
                    0.24820521473884583
                ],
                [
                    0.0,
                    0.0,
                    0.0,
                    1.0
                ]
            ]
        },
        {
            "file_path": "data/28_image.png",
            "mask_path": "data/28_mask.png",
            "transform_matrix": [
                [
                    0.9535067081451416,
                    0.018182827159762383,
                    -0.30082276463508606,
                    -0.3007173240184784
                ],
                [
                    -0.3013717830181122,
                    0.057528432458639145,
                    -0.9517696499824524,
                    -0.9514361023902893
                ],
                [
                    0.0,
                    0.9981783032417297,
                    0.06033353507518768,
                    0.06031239032745361
                ],
                [
                    0.0,
                    0.0,
                    0.0,
                    1.0
                ]
            ]
        },
        {
            "file_path": "data/29_image.png",
            "mask_path": "data/29_mask.png",
            "transform_matrix": [
                [
                    0.9866384267807007,
                    -0.13322237133979797,
                    0.09378889203071594,
                    0.0934762954711914
                ],
                [
                    0.16292499005794525,
                    0.8067657947540283,
                    -0.5679652094841003,
                    -0.5660722255706787
                ],
                [
                    0.0,
                    0.5756568908691406,
                    0.8176913857460022,
                    0.8149660229682922
                ],
                [
                    0.0,
                    0.0,
                    0.0,
                    1.0
                ]
            ]
        },
        {
            "file_path": "data/30_image.png",
            "mask_path": "data/30_mask.png",
            "transform_matrix": [
                [
                    -0.1316002458333969,
                    0.6955345869064331,
                    -0.7063377499580383,
                    -0.7040637731552124
                ],
                [
                    -0.9913028478622437,
                    -0.09233558177947998,
                    0.09376975148916245,
                    0.09346786886453629
                ],
                [
                    0.0,
                    0.7125347852706909,
                    0.701636791229248,
                    0.6993779540061951
                ],
                [
                    0.0,
                    0.0,
                    0.0,
                    1.0
                ]
            ]
        },
        {
            "file_path": "data/31_image.png",
            "mask_path": "data/31_mask.png",
            "transform_matrix": [
                [
                    0.6154037117958069,
                    -0.4224244952201843,
                    -0.665459156036377,
                    -0.6621216535568237
                ],
                [
                    -0.7882121205329895,
                    -0.3298117220401764,
                    -0.5195631980895996,
                    -0.5169574022293091
                ],
                [
                    0.0,
                    0.8442640900611877,
                    -0.535927414894104,
                    -0.5332395434379578
                ],
                [
                    0.0,
                    0.0,
                    0.0,
                    1.0
                ]
            ]
        },
        {
            "file_path": "data/32_image.png",
            "mask_path": "data/32_mask.png",
            "transform_matrix": [
                [
                    -0.2673347592353821,
                    -0.6879004240036011,
                    0.6747778654098511,
                    0.6722816228866577
                ],
                [
                    0.9636037349700928,
                    -0.1908457726240158,
                    0.18720515072345734,
                    0.18651260435581207
                ],
                [
                    0.0,
                    0.7002649903297424,
                    0.7138830423355103,
                    0.711242139339447
                ],
                [
                    0.0,
                    0.0,
                    0.0,
                    1.0
                ]
            ]
        },
        {
            "file_path": "data/33_image.png",
            "mask_path": "data/33_mask.png",
            "transform_matrix": [
                [
                    -0.2006942182779312,
                    0.21511732041835785,
                    0.9557439088821411,
                    0.9507442116737366
                ],
                [
                    0.9796539545059204,
                    0.04406943917274475,
                    0.1957959532737732,
                    0.19477170705795288
                ],
                [
                    0.0,
                    0.9755934476852417,
                    -0.21958500146865845,
                    -0.21843630075454712
                ],
                [
                    0.0,
                    0.0,
                    0.0,
                    1.0
                ]
            ]
        },
        {
            "file_path": "data/34_image.png",
            "mask_path": "data/34_mask.png",
            "transform_matrix": [
                [
                    -0.24262283742427826,
                    -0.5821514129638672,
                    -0.776037335395813,
                    -0.7728672027587891
                ],
                [
                    -0.9701206684112549,
                    0.14559346437454224,
                    0.19408346712589264,
                    0.19329063594341278
                ],
                [
                    0.0,
                    0.799938976764679,
                    -0.6000814437866211,
                    -0.5976300835609436
                ],
                [
                    0.0,
                    0.0,
                    0.0,
                    1.0
                ]
            ]
        },
        {
            "file_path": "data/35_image.png",
            "mask_path": "data/35_mask.png",
            "transform_matrix": [
                [
                    -0.804639458656311,
                    0.2860581874847412,
                    -0.5203134417533875,
                    -0.5195574164390564
                ],
                [
                    -0.5937637090682983,
                    -0.38765203952789307,
                    0.7051032185554504,
                    0.704078733921051
                ],
                [
                    0.0,
                    0.876297116279602,
                    0.4817711114883423,
                    0.4810711145401001
                ],
                [
                    0.0,
                    0.0,
                    0.0,
                    1.0
                ]
            ]
        },
        {
            "file_path": "data/36_image.png",
            "mask_path": "data/36_mask.png",
            "transform_matrix": [
                [
                    0.8766783475875854,
                    0.23910999298095703,
                    -0.4174463748931885,
                    -0.41562384366989136
                ],
                [
                    -0.48107701539993286,
                    0.4357359707355499,
                    -0.7607226967811584,
                    -0.7574014663696289
                ],
                [
                    0.0,
                    0.8677330613136292,
                    0.4970305562019348,
                    0.49486055970191956
                ],
                [
                    0.0,
                    0.0,
                    0.0,
                    1.0
                ]
            ]
        },
        {
            "file_path": "data/37_image.png",
            "mask_path": "data/37_mask.png",
            "transform_matrix": [
                [
                    -0.9809902310371399,
                    -0.1514035016298294,
                    -0.12138873338699341,
                    -0.12112840265035629
                ],
                [
                    -0.19405731558799744,
                    0.7653684616088867,
                    0.6136391162872314,
                    0.6123231053352356
                ],
                [
                    0.0,
                    0.6255303621292114,
                    -0.7801998853683472,
                    -0.7785266637802124
                ],
                [
                    0.0,
                    0.0,
                    0.0,
                    1.0
                ]
            ]
        },
        {
            "file_path": "data/38_image.png",
            "mask_path": "data/38_mask.png",
            "transform_matrix": [
                [
                    -0.9566781520843506,
                    0.018373092636466026,
                    0.29056718945503235,
                    0.29025140404701233
                ],
                [
                    0.29114750027656555,
                    0.06037193164229393,
                    0.9547713398933411,
                    0.9537336826324463
                ],
                [
                    0.0,
                    0.9980068802833557,
                    -0.06310578435659409,
                    -0.0630372017621994
                ],
                [
                    0.0,
                    0.0,
                    0.0,
                    1.0
                ]
            ]
        },
        {
            "file_path": "data/39_image.png",
            "mask_path": "data/39_mask.png",
            "transform_matrix": [
                [
                    -0.6519355177879333,
                    -0.3452838659286499,
                    0.6750993728637695,
                    0.6736433506011963
                ],
                [
                    0.7582744359970093,
                    -0.2968619465827942,
                    0.5804247856140137,
                    0.5791729092597961
                ],
                [
                    0.0,
                    0.8903101682662964,
                    0.4553547501564026,
                    0.4543726444244385
                ],
                [
                    0.0,
                    0.0,
                    0.0,
                    1.0
                ]
            ]
        },
        {
            "file_path": "data/40_image.png",
            "mask_path": "data/40_mask.png",
            "transform_matrix": [
                [
                    -0.993723452091217,
                    0.07209517061710358,
                    -0.08553330600261688,
                    -0.08520986884832382
                ],
                [
                    -0.11186446994543076,
                    -0.6404416561126709,
                    0.7598163485527039,
                    0.7569431662559509
                ],
                [
                    0.0,
                    0.7646154761314392,
                    0.6444867849349976,
                    0.6420497298240662
                ],
                [
                    0.0,
                    0.0,
                    0.0,
                    1.0
                ]
            ]
        },
        {
            "file_path": "data/41_image.png",
            "mask_path": "data/41_mask.png",
            "transform_matrix": [
                [
                    -0.9101343750953674,
                    0.2541986107826233,
                    0.32716721296310425,
                    0.32659557461738586
                ],
                [
                    0.41431304812431335,
                    0.5584059953689575,
                    0.7186984419822693,
                    0.7174426913261414
                ],
                [
                    0.0,
                    0.7896618843078613,
                    -0.6135423183441162,
                    -0.6124703288078308
                ],
                [
                    0.0,
                    0.0,
                    0.0,
                    1.0
                ]
            ]
        },
        {
            "file_path": "data/42_image.png",
            "mask_path": "data/42_mask.png",
            "transform_matrix": [
                [
                    -0.29124540090560913,
                    -0.15321876108646393,
                    -0.9442987442016602,
                    -0.9421612620353699
                ],
                [
                    -0.9566483497619629,
                    0.04664645716547966,
                    0.28748565912246704,
                    0.2868349254131317
                ],
                [
                    0.0,
                    0.9870907664299011,
                    -0.1601620316505432,
                    -0.1597995012998581
                ],
                [
                    0.0,
                    0.0,
                    0.0,
                    1.0
                ]
            ]
        },
        {
            "file_path": "data/43_image.png",
            "mask_path": "data/43_mask.png",
            "transform_matrix": [
                [
                    0.8202195763587952,
                    -0.5706647038459778,
                    -0.03977010399103165,
                    -0.03956443816423416
                ],
                [
                    -0.5720487833023071,
                    -0.8182350397109985,
                    -0.057023487985134125,
                    -0.05672859773039818
                ],
                [
                    0.0,
                    0.06952222436666489,
                    -0.9975804090499878,
                    -0.992421567440033
                ],
                [
                    0.0,
                    0.0,
                    0.0,
                    1.0
                ]
            ]
        },
        {
            "file_path": "data/44_image.png",
            "mask_path": "data/44_mask.png",
            "transform_matrix": [
                [
                    -0.11020975559949875,
                    0.7998571991920471,
                    0.5899850130081177,
                    0.5880243182182312
                ],
                [
                    0.9939082860946655,
                    0.08869235217571259,
                    0.06542062759399414,
                    0.0652032196521759
                ],
                [
                    0.0,
                    0.5936010479927063,
                    -0.8047595024108887,
                    -0.8020851016044617
                ],
                [
                    0.0,
                    0.0,
                    0.0,
                    1.0
                ]
            ]
        },
        {
            "file_path": "data/45_image.png",
            "mask_path": "data/45_mask.png",
            "transform_matrix": [
                [
                    0.34378018975257874,
                    0.17555631697177887,
                    -0.9224939942359924,
                    -0.9187568426132202
