{"camera_angle_x": 1.115461393528446, "camera_angle_y": 0.6749619028025011, "fl_x": 769.4863615321823, "fl_y": 769.438717686356, "k1": 0.0, "k2": 0.0, "p1": 0.0, "p2": 0.0, "cx": 480.0, "cy": 270.0, "w": 960, "h": 540, "bbox": [-0.5, -0.5, -0.5, 0.5, 0.5, 0.5], "center": [0.0, 0.0, 0.0], "radius": [1.0, 1.0, 1.0], "aabb_scale": 2, "frames": [{"file_path": "images/00000_abstract_bg.png", "sharpness": 120.24912229938273, "transform_matrix": [[0.804230120113352, -0.05384814313841411, 0.591873543405185, 1.4117790262889107], [0.5942933114761889, 0.06378239379340274, -0.8017152026603027, -1.82029893963104], [0.005419763567729062, 0.9965100018176077, 0.08329731352415684, 0.2887380046245389], [0.0, 0.0, 0.0, 1.0]]}, {"file_path": "images/00001_abstract_bg.png", "sharpness": 116.70328158220387, "transform_matrix": [[0.7730795589133641, -0.05823592298214365, 0.6316300917979899, 1.4832980317264501], [0.6342891260456436, 0.0630779288235005, -0.770518318715131, -1.7216545176904736], [0.005029927491811161, 0.9963080608776362, 0.08570267008484497, 0.2917878536692287], [0.0, 0.0, 0.0, 1.0]]}, {"file_path": "images/00002_abstract_bg.png", "sharpness": 113.43773766140595, "transform_matrix": [[0.7393603628693777, -0.06237263754760079, 0.6704147282861695, 1.5573747090229664], [0.6732952311525395, 0.06191188096577708, -0.7367770698810656, -1.6274948097764366], [0.00444809227771873, 0.9961308011906044, 0.08777039019198785, 0.2944489695338594], [0.0, 0.0, 0.0, 1.0]]}, {"file_path": "images/00003_abstract_bg.png", "sharpness": 112.41624603943698, "transform_matrix": [[0.7035233876637587, -0.06694073496476187, 0.7075123892996411, 1.622028926601088], [0.7106593926207375, 0.060311170925729934, -0.7009463533976711, -1.5248062927681283], [0.004250963424188365, 0.9959324779642168, 0.0900023813352806, 0.2972757635850184], [0.0, 0.0, 0.0, 1.0]]}, {"file_path": "images/00004_abstract_bg.png", "sharpness": 110.419463204056, "transform_matrix": [[0.6674387875825917, -0.07199546990660935, 0.741176171462094, 1.661205141794197], [0.7446552963766939, 0.05953539406782578, -0.6647887081105753, -1.4115272832739543], [0.0037355599873512032, 0.995626530967368, 0.09334803921596656, 0.3005806365509905], [0.0, 0.0, 0.0, 1.0]]}, {"file_path": "images/00005_abstract_bg.png", "sharpness": 108.38439810790082, "transform_matrix": [[0.6316959369468037, -0.07739803764909176, 0.7713428466077652, 1.6775866314897032], [0.7752089825252118, 0.05875814938180724, -0.6289662258765985, -1.2926944287733921], [0.003358073424837275, 0.9952673126599182, 0.09711693824240109, 0.3025615959449438], [0.0, 0.0, 0.0, 1.0]]}, {"file_path": "images/00006_abstract_bg.png", "sharpness": 105.22723955385857, "transform_matrix": [[0.595895743994884, -0.08396188167095694, 0.7986605441081068, 1.6732081857062895], [0.8030546175335633, 0.058094060893997816, -0.5930669113572837, -1.171359635139868], [0.0033975795512911034, 0.9947740861698786, 0.10204398041078117, 0.3056989614285638], [0.0, 0.0, 0.0, 1.0]]}, {"file_path": "images/00007_abstract_bg.png", "sharpness": 101.10570583841782, "transform_matrix": [[0.5579202966268972, -0.09047809121047025, 0.8249476696267869, 1.6637211697180923], [0.8298882739505347, 0.05696412485566439, -0.5550140009394646, -1.050535587604938], [0.0032241853480799517, 0.9942679736823159, 0.10686814838155936, 0.30810038659861977], [0.0, 0.0, 0.0, 1.0]]}, {"file_path": "images/00008_abstract_bg.png", "sharpness": 102.2768427146294, "transform_matrix": [[0.5133856748797493, -0.09688199219114918, 0.8526717002559309, 1.6621435190963263], [0.8581545611207496, 0.05514667789328198, -0.5104209959876164, -0.9290343683809973], [0.002428591344740698, 0.9937669362111063, 0.11145123793691747, 0.3104706313557988], [0.0, 0.0, 0.0, 1.0]]}, {"file_path": "images/00009_abstract_bg.png", "sharpness": 98.82381906340498, "transform_matrix": [[0.4640603460793139, -0.10365216356891024, 0.879718264096087, 1.6647172750115706], [0.8858015155433079, 0.05215390467022125, -0.4611243273660909, -0.8080367275696626], [0.0019157917234347132, 0.9932452865305395, 0.11601780262933349, 0.3132228984867329], [0.0, 0.0, 0.0, 1.0]]}, {"file_path": "images/00010_abstract_bg.png", "sharpness": 94.71720860776736, "transform_matrix": [[0.41105850003344113, -0.11129675279258562, 0.9047894464283305, 1.667036151867202], [0.911606359772448, 0.047811294064143375, -0.40827432564678806, -0.6875153996839132], [0.002180452403752689, 0.9926364455215909, 0.12111206649040711, 0.3172333921022941], [0.0, 0.0, 0.0, 1.0]]}, {"file_path": "images/00011_abstract_bg.png", "sharpness": 91.42785618245112, "transform_matrix": [[0.3537154154464924, -0.11864870312789985, 0.9277973324609115, 1.6689034505888247], [0.9353499112179512, 0.04228188078125433, -0.3511876793712604, -0.56730923880023], [0.0024389465116194235, 0.9920356484540602, 0.1259338069632066, 0.32103580589652797], [0.0, 0.0, 0.0, 1.0]]}, {"file_path": "images/00012_abstract_bg.png", "sharpness": 91.08614726660365, "transform_matrix": [[0.2922678408842747, -0.12490198604033738, 0.9481450327181099, 1.6709630812160021], [0.95633460889922, 0.03619764016805725, -0.2900238725826593, -0.4463095970208152], [0.00190394496322369, 0.9915085600888396, 0.13002749810764533, 0.3247238360902404], [0.0, 0.0, 0.0, 1.0]]}, {"file_path": "images/00013_abstract_bg.png", "sharpness": 91.99298294324043, "transform_matrix": [[0.226687606353689, -0.1309087373904393, 0.9651298521963131, 1.6728424185205926], [0.9739668259397936, 0.029285934009948177, -0.22479091627094375, -0.32367077102323927], [0.001162365863417763, 0.9909617735028968, 0.13413952572449905, 0.32869729839389417], [0.0, 0.0, 0.0, 1.0]]}, {"file_path": "images/00014_abstract_bg.png", "sharpness": 91.77891353732043, "transform_matrix": [[0.1594678096901632, -0.13603696062540901, 0.9777852335847707, 1.6745888911743214], [0.9872024242529414, 0.02079131623569551, -0.15811102023042248, -0.20297934599230913], [0.0011795006314757632, 0.9904855710776348, 0.1376115629780869, 0.3324561437873722], [0.0, 0.0, 0.0, 1.0]]}, {"file_path": "images/00015_abstract_bg.png", "sharpness": 93.49328869809749, "transform_matrix": [[0.09150022030699868, -0.14024100994074193, 0.9858804028960979, 1.6756082277083126], [0.9958043599056506, 0.011715468010802194, -0.090754749750009, -0.08367568809517505], [0.0011774874392553845, 0.990048083145505, 0.14072457704055047, 0.3367687907197724], [0.0, 0.0, 0.0, 1.0]]}, {"file_path": "images/00016_abstract_bg.png", "sharpness": 96.47407717857834, "transform_matrix": [[0.02089711470074895, -0.14296024474743704, 0.9895077963406542, 1.6775946952319567], [0.9997811886960204, 0.002056655326295711, -0.020816937777751624, 0.038158903448814945], [0.0009409180398452024, 0.9897262947858978, 0.14297194159212018, 0.3407101584954493], [0.0, 0.0, 0.0, 1.0]]}, {"file_path": "images/00017_abstract_bg.png", "sharpness": 101.20944830223097, "transform_matrix": [[-0.048320003419657274, -0.14495127619037038, 0.9882582176740594, 1.6794587129791707], [0.9988313236824651, -0.00808099455125902, 0.04765169837265806, 0.1583334023917553], [0.001078934780506506, 0.9894057939277724, 0.14517234875104126, 0.3455842145397041], [0.0, 0.0, 0.0, 1.0]]}, {"file_path": "images/00018_abstract_bg.png", "sharpness": 102.40593518941235, "transform_matrix": [[-0.117104481476854, -0.14418981993218677, 0.9825964768133263, 1.681558007931083], [0.9931195310162012, -0.017371721071591784, 0.11580941421651593, 0.28003519202170307], [0.000370853338799373, 0.9893975536329846, 0.14523203273681326, 0.3480115498473407], [0.0, 0.0, 0.0, 1.0]]}, {"file_path": "images/00019_abstract_bg.png", "sharpness": 105.57138685856992, "transform_matrix": [[-0.18282535621405194, -0.14361244179527585, 0.9725997921482428, 1.6843554757295285], [0.9831452691454854, -0.027227883433964907, 0.18078722886464896, 0.39978883992910874], [0.0005185383858583014, 0.9892593739385569, 0.14616984022922608, 0.35318169028495755], [0.0, 0.0, 0.0, 1.0]]}, {"file_path": "images/00020_abstract_bg.png", "sharpness": 109.35509078265508, "transform_matrix": [[-0.2460164953025382, -0.14061261240531284, 0.9590119797331058, 1.685449205593157], [0.9692653647394401, -0.03643778995287231, 0.2433042132390468, 0.5202669027038522], [0.0007326360470425244, 0.989393946158912, 0.1452552324307771, 0.3561807661633022], [0.0, 0.0, 0.0, 1.0]]}, {"file_path": "images/00021_abstract_bg.png", "sharpness": 113.8841448292943, "transform_matrix": [[-0.3055931264297977, -0.13748338883770525, 0.9421842488985706, 1.6878140989835282], [0.9521621925338758, -0.0441390601431099, 0.30238866129332104, 0.6401903970267859], [1.3709327322825837e-05, 0.9895201166036917, 0.14439507833950302, 0.3600840096144119], [0.0, 0.0, 0.0, 1.0]]}, {"file_path": "images/00022_abstract_bg.png", "sharpness": 117.78572311385462, "transform_matrix": [[-0.3613924027071739, -0.13215725488964597, 0.9230005369692753, 1.6908235939540066], [0.9324138181919936, -0.05127983746551802, 0.35773572635975187, 0.7607720736905774], [5.394594471276901e-05, 0.9899014285521278, 0.1417573943055245, 0.3617709298015174], [0.0, 0.0, 0.0, 1.0]]}, {"file_path": "images/00023_abstract_bg.png", "sharpness": 121.4055028005806, "transform_matrix": [[-0.4134816247285504, -0.12732864342781056, 0.9015655065355337, 1.69340348242589], [0.9105123929353424, -0.05743287476520768, 0.4094736221142486, 0.8815025068902146], [-0.00035822199379205585, 0.9901963852989152, 0.13968174618741638, 0.3652534710502808], [0.0, 0.0, 0.0, 1.0]]}, {"file_path": "images/00024_abstract_bg.png", "sharpness": 125.0203855891912, "transform_matrix": [[-0.4581796894643697, -0.12171871866202545, 0.8804861871089231, 1.7054029985045605], [0.8888592723310583, -0.06190368177770579, 0.45397921557431214, 1.0000694703256174], [-0.0007524316824395556, 0.9906323675863007, 0.13655382139260738, 0.3681521951898804], [0.0, 0.0, 0.0, 1.0]]}, {"file_path": "images/00025_abstract_bg.png", "sharpness": 126.36281679562097, "transform_matrix": [[-0.4970078643369177, -0.11453060120313922, 0.8601545931838676, 1.7281702971539736], [0.8677456711614754, -0.06468938001458192, 0.49278061477076296, 1.1191030040182346], [-0.000795592721187879, 0.9913112656988097, 0.13153456401587238, 0.36844392692433003], [0.0, 0.0, 0.0, 1.0]]}, {"file_path": "images/00026_abstract_bg.png", "sharpness": 126.24034738886745, "transform_matrix": [[-0.5342786027783913, -0.10823303644050868, 0.838350752630448, 1.7418154976786646], [0.8453080556199698, -0.06745155502368975, 0.5300043196322773, 1.239116386005102], [-0.0008159149201823023, 0.9918346119932263, 0.12752818016065898, 0.3700713137629626], [0.0, 0.0, 0.0, 1.0]]}, {"file_path": "images/00027_abstract_bg.png", "sharpness": 127.97439234440712, "transform_matrix": [[-0.5754477738900311, -0.10362020277690233, 0.8112476274858884, 1.7210266054635541], [0.817838082885497, -0.07187315781395753, 0.5709423082659287, 1.3582855813184451], [-0.0008542289999357192, 0.9920166847197298, 0.12610379665375737, 0.37337222003174864], [0.0, 0.0, 0.0, 1.0]]}, {"file_path": "images/00028_abstract_bg.png", "sharpness": 128.4099668281284, "transform_matrix": [[-0.6174547087097064, -0.10032025430921786, 0.7801830101120808, 1.6627608659276454], [0.7866054255920857, -0.07715880378808974, 0.6126160489467173, 1.4609087806932357], [-0.0012598100282030374, 0.9919588527622127, 0.1265545230537733, 0.3776065451932121], [0.0, 0.0, 0.0, 1.0]]}, {"file_path": "images/00029_abstract_bg.png", "sharpness": 127.82647372908082, "transform_matrix": [[-0.6587646117353622, -0.0967510058383766, 0.746102157344704, 1.5732875166753906], [0.7523485767806882, -0.08353321058898773, 0.6534476426958554, 1.5421394078441881], [-0.0008974080631663736, 0.9917970788412105, 0.1278192045852658, 0.37876336625513857], [0.0, 0.0, 0.0, 1.0]]}, {"file_path": "images/00030_abstract_bg.png", "sharpness": 127.32009960775258, "transform_matrix": [[-0.696790566734452, -0.09511543492845906, 0.7109401944947639, 1.465854876433936], [0.717274045449372, -0.0911251508523644, 0.6908068837286062, 1.5962046297992785], [-0.000921864727074605, 0.9912866693951373, 0.1317189783019941, 0.3822152647344421], [0.0, 0.0, 0.0, 1.0]]}, {"file_path": "images/00031_abstract_bg.png", "sharpness": 127.13974679271554, "transform_matrix": [[-0.7321722524600482, -0.09315844339668179, 0.6747186800078147, 1.3504811483201924], [0.6811178005533874, -0.09791865715714933, 0.7255966361208257, 1.632698455466216], [-0.0015279060496745794, 0.9908246267652253, 0.1351451978379391, 0.38403239725440586], [0.0, 0.0, 0.0, 1.0]]}, {"file_path": "images/00032_abstract_bg.png", "sharpness": 127.88001469191471, "transform_matrix": [[-0.7660727989154502, -0.09085336505326168, 0.6363003479649749, 1.233311015590819], [0.6427530605851679, -0.10676759339839755, 0.7585968521608267, 1.65989843908965], [-0.0009848199068388914, 0.9901244098891883, 0.14018802756062326, 0.38781515157977825], [0.0, 0.0, 0.0, 1.0]]}, {"file_path": "images/00033_abstract_bg.png", "sharpness": 128.12788544487253, "transform_matrix": [[-0.7960139344482032, -0.08955514261473911, 0.5986164820613837, 1.113427148098135], [0.6052773295365622, -0.11600784783528827, 0.7875160529092178, 1.6638769739165462], [-0.0010819026670082382, 0.9892027373960702, 0.14654956095035204, 0.39145731803243805], [0.0, 0.0, 0.0, 1.0]]}, {"file_path": "images/00034_abstract_bg.png", "sharpness": 126.57593742706663, "transform_matrix": [[-0.8241637397242639, -0.08699854444260903, 0.5596296841560362, 0.9925885705061259], [0.5663515235953972, -0.12610249029939963, 0.8144593996397024, 1.653350401203495], [-0.00028608545871194863, 0.988195028931616, 0.15320085818934995, 0.3942508532522659], [0.0, 0.0, 0.0, 1.0]]}, {"file_path": "images/00035_abstract_bg.png", "sharpness": 125.26256290723222, "transform_matrix": [[-0.8526498799348168, -0.08412522508204501, 0.5156657141521421, 0.8719107177362758], [0.5224825717843901, -0.13656770534017737, 0.8416419809156916, 1.6468435989263785], [-0.00038003777866851634, 0.9870522824871103, 0.160398401514084, 0.3978396809298548], [0.0, 0.0, 0.0, 1.0]]}, {"file_path": "images/00036_abstract_bg.png", "sharpness": 121.99612358074329, "transform_matrix": [[-0.8815939151613973, -0.07791681717312587, 0.4655331764246349, 0.750497209204973], [0.47200783465778523, -0.14736570367058693, 0.8691904011224143, 1.6469819226018463], [0.0008790745529288842, 0.9860082753117655, 0.16669405581678134, 0.40111077787816074], [0.0, 0.0, 0.0, 1.0]]}, {"file_path": "images/00037_abstract_bg.png", "sharpness": 120.19070975328587, "transform_matrix": [[-0.9089299582215749, -0.07116912065923092, 0.4108299980672299, 0.6298561541336197], [0.4169477766832434, -0.15736521949453036, 0.8952043002646606, 1.6488651330906263], [0.0009394499605894363, 0.9849726615282428, 0.17270776900806073, 0.4045097550963279], [0.0, 0.0, 0.0, 1.0]]}, {"file_path": "images/00038_abstract_bg.png", "sharpness": 117.55651015139398, "transform_matrix": [[-0.9340300782599765, -0.06306183916322308, 0.35158358515012506, 0.5088168174497456], [0.3571934379932063, -0.16714039004784229, 0.9189542632085942, 1.6501446115558362], [0.0008128716115924951, 0.983914271903811, 0.17863942673367617, 0.4085017437731461], [0.0, 0.0, 0.0, 1.0]]}, {"file_path": "images/00039_abstract_bg.png", "sharpness": 118.91306833496093, "transform_matrix": [[-0.956094340505849, -0.05269869897110399, 0.2882819092129093, 0.38755459543159737], [0.2930559621990916, -0.17644798401991868, 0.9396724492901094, 1.651972177614119], [0.0013472461734519003, 0.9828982429845217, 0.18414458684872856, 0.4127623555828475], [0.0, 0.0, 0.0, 1.0]]}, {"file_path": "images/00040_abstract_bg.png", "sharpness": 119.17433443804639, "transform_matrix": [[-0.974154206721385, -0.04111502677219356, 0.2221106393231823, 0.267747745180488], [0.22587778078644152, -0.18460573073759592, 0.9565040262988088, 1.6532522253873578], [0.0016762082278643227, 0.9819522792643031, 0.18912142018718317, 0.4169735953886068], [0.0, 0.0, 0.0, 1.0]]}, {"file_path": "images/00041_abstract_bg.png", "sharpness": 118.45175316262764, "transform_matrix": [[-0.9877885479373931, -0.02741251789130989, 0.15336993977503152, 0.14727561466353004], [0.15577528826448078, -0.19146567489828378, 0.9690587984750276, 1.6550358893198571], [0.0028007373772076048, 0.9811164299911623, 0.1933977938642035, 0.4215459257021844], [0.0, 0.0, 0.0, 1.0]]}, {"file_path": "images/00042_abstract_bg.png", "sharpness": 117.00583903326338, "transform_matrix": [[-0.9964881911982023, -0.01369440386822097, 0.08260598104998466, 0.02618879208519721], [0.08368652229024189, -0.1958939422932581, 0.9770476597176682, 1.6565864264407135], [0.002801926034209756, 0.9805294624209415, 0.19635203725706407, 0.425076589007553], [0.0, 0.0, 0.0, 1.0]]}, {"file_path": "images/00043_abstract_bg.png", "sharpness": 116.40490822067365, "transform_matrix": [[-0.9999414257267497, 0.0009042984167781315, 0.010785516210645106, -0.09448632813120125], [0.010391320670102532, -0.19852739529598948, 0.9800402510977408, 1.6583377633730858], [0.00302746928766874, 0.9800949217098123, 0.19850636984326012, 0.4294223148338158], [0.0, 0.0, 0.0, 1.0]]}, {"file_path": "images/00044_abstract_bg.png", "sharpness": 113.60359987934372, "transform_matrix": [[-0.9980751128325127, 0.0160464895147425, -0.059904752053753035, -0.21510151379032783], [-0.061900404586881605, -0.19863870920367474, 0.9781160478787165, 1.6597914149994792], [0.003795926283363292, 0.9799414132386441, 0.1992496362945247, 0.433639843716683], [0.0, 0.0, 0.0, 1.0]]}, {"file_path": "images/00045_abstract_bg.png", "sharpness": 112.63933399038825, "transform_matrix": [[-0.9911521041594034, 0.030255572580272175, -0.1292366308297647, -0.3358012838489897], [-0.13267267834851001, -0.19698083008605086, 0.9713889607147309, 1.6619165708426225], [0.003932790386207932, 0.9799403823225423, 0.1992520520680482, 0.43791916184033897], [0.0, 0.0, 0.0, 1.0]]}, {"file_path": "images/00046_abstract_bg.png", "sharpness": 112.03462950923011, "transform_matrix": [[-0.9796047237969315, 0.0443044744517762, -0.19598902688235073, -0.45552951362851973], [-0.20087828733760435, -0.19290997790645184, 0.9604340966981778, 1.6634361317927968], [0.00474328905399779, 0.9802157180782629, 0.1978753325739882, 0.4411403169049771], [0.0, 0.0, 0.0, 1.0]]}, {"file_path": "images/00047_abstract_bg.png", "sharpness": 113.26599864486884, "transform_matrix": [[-0.9639248416739594, 0.05666909448188191, -0.2600721310222175, -0.5768613291280701], [-0.2661324604444055, -0.1878105763571741, 0.945463220282098, 1.6651127233158038], [0.004734247737588903, 0.9805691210409335, 0.1961167656254044, 0.44486049701168584], [0.0, 0.0, 0.0, 1.0]]}, {"file_path": "images/00048_abstract_bg.png", "sharpness": 111.58303496132453, "transform_matrix": [[-0.9448526549564208, 0.06835420330938412, -0.3202829425863073, -0.6975966124804003], [-0.3274497026210878, -0.1807820874543526, 0.9274128148289789, 1.6663746179206969], [0.0054911451597725825, 0.9811450146362596, 0.1931949988463684, 0.44901213766152426], [0.0, 0.0, 0.0, 1.0]]}, {"file_path": "images/00049_abstract_bg.png", "sharpness": 112.91621019318923, "transform_matrix": [[-0.9232300537846706, 0.07815751396240297, -0.37621492633861886, -0.8185606683644937], [-0.38420418374909876, -0.17303851256222252, 0.9068874342276133, 1.6689069561193839], [0.0057803960456314675, 0.9818090833667563, 0.18978279911542453, 0.4522830731856257], [0.0, 0.0, 0.0, 1.0]]}, {"file_path": "images/00050_abstract_bg.png", "sharpness": 111.37370125372406, "transform_matrix": [[-0.8994759748887667, 0.08613225056075162, -0.42839725257200717, -0.9389492966177704], [-0.43692793115520756, -0.1636420706622991, 0.8844858708231506, 1.6694611341463166], [0.00607894516626061, 0.9827525162128535, 0.1848256970850396, 0.45404020826576724], [0.0, 0.0, 0.0, 1.0]]}, {"file_path": "images/00051_abstract_bg.png", "sharpness": 109.49805573407477, "transform_matrix": [[-0.8748447449089415, 0.09321737079454583, -0.47534954937115764, -1.060018249813252], [-0.4843613556558514, -0.15540647693738624, 0.8609546469316124, 1.6741221502740318], [0.00638352977876526, 0.9834426006168644, 0.18110743176220578, 0.4580515759980902], [0.0, 0.0, 0.0, 1.0]]}, {"file_path": "images/00052_abstract_bg.png", "sharpness": 107.82994969979747, "transform_matrix": [[-0.8522729319539715, 0.09699644064242607, -0.5140258164346255, -1.1782776783595807], [-0.5230528848923025, -0.14520716319502489, 0.8398396033545305, 1.6931049599440724], [0.006821221622457406, 0.9846352473172764, 0.17449040281924916, 0.45952928923836867], [0.0, 0.0, 0.0, 1.0]]}, {"file_path": "images/00053_abstract_bg.png", "sharpness": 108.12020424274064, "transform_matrix": [[-0.8303162388751395, 0.09951463612793662, -0.5483354636138065, -1.2976913940890837], [-0.5572501066628033, -0.13611896959993175, 0.8191116802606034, 1.7166294485499998], [0.006874742507064019, 0.9856817251584697, 0.16847633247457833, 0.46181563973935363], [0.0, 0.0, 0.0, 1.0]]}, {"file_path": "images/00054_abstract_bg.png", "sharpness": 109.1203822205641, "transform_matrix": [[-0.8051942578700059, 0.10314837517452509, -0.5839714203555064, -1.4180934406525467], [-0.5929646259841045, -0.12771132985037198, 0.7950363315971053, 1.718095771386912], [0.007426939120743465, 0.9864330838565305, 0.16399576716669248, 0.46506326691229344], [0.0, 0.0, 0.0, 1.0]]}, {"file_path": "images/00055_abstract_bg.png", "sharpness": 107.23431976028672, "transform_matrix": [[-0.7740943007081036, 0.10843104550780124, -0.6237152571336692, -1.5312314152911513], [-0.6330210920282063, -0.12029037805636189, 0.7647316666612393, 1.6784381858529427], [0.007893710068870885, 0.9867993379188815, 0.1617552349205617, 0.4674304493775681], [0.0, 0.0, 0.0, 1.0]]}, {"file_path": "images/00056_abstract_bg.png", "sharpness": 109.60638109567901, "transform_matrix": [[-0.7395817707146549, 0.11599304470008964, -0.6629965444915834, -1.626394845322666], [-0.6730134452338035, -0.11505285958767188, 0.7306269513474215, 1.605797687173103], [0.008467996286229167, 0.9865639629957617, 0.16315587625640138, 0.4728440496874458], [0.0, 0.0, 0.0, 1.0]]}, {"file_path": "images/00057_abstract_bg.png", "sharpness": 109.81873284116352, "transform_matrix": [[-0.703084580837344, 0.12428988350681326, -0.7001600510216509, -1.6926742840708688], [-0.7110489205002543, -0.11037763510532143, 0.6944250933858753, 1.5057701152114527], [0.009028003334146722, 0.9860876241624876, 0.16598100080846445, 0.47585552758830946], [0.0, 0.0, 0.0, 1.0]]}, {"file_path": "images/00058_abstract_bg.png", "sharpness": 111.26846974451304, "transform_matrix": [[-0.6661039770085272, 0.13373580728881476, -0.7337712352376824, -1.7348536894634923], [-0.745795423085644, -0.10659089346886501, 0.6575922508165803, 1.393999322693241], [0.009730298964086176, 0.9852680423510741, 0.17074017103116532, 0.4795664673302824], [0.0, 0.0, 0.0, 1.0]]}, {"file_path": "images/00059_abstract_bg.png", "sharpness": 113.70111105389563, "transform_matrix": [[-0.6260012569568406, 0.14375637023123305, -0.7664571301164846, -1.7688658084783488], [-0.7797576705673255, -0.10276179486670138, 0.6175904700585934, 1.2766256291702298], [0.010020053885872826, 0.9842632369105914, 0.1764241451344166, 0.4844189461319961], [0.0, 0.0, 0.0, 1.0]]}, {"file_path": "images/00060_abstract_bg.png", "sharpness": 118.26280039531359, "transform_matrix": [[-0.5857701398092293, 0.15479061053750123, -0.7955584266396187, -1.786228418801529], [-0.8104033464639693, -0.09861033494911067, 0.5775139979959153, 1.1580676544998556], [0.0109434614212199, 0.9830136666042095, 0.18320581847056766, 0.4891900283748815], [0.0, 0.0, 0.0, 1.0]]}, {"file_path": "images/00061_abstract_bg.png", "sharpness": 123.82163093260229, "transform_matrix": [[-0.5459393047470174, 0.16650075386869526, -0.8211137402902847, -1.7810341583187084], [-0.8377429253049615, -0.0947887988242451, 0.537774929425819, 1.0382961809473101], [0.011707546020883279, 0.9814746978799875, 0.19123375953935534, 0.49324128896047514], [0.0, 0.0, 0.0, 1.0]]}, {"file_path": "images/00062_abstract_bg.png", "sharpness": 126.77950821793496, "transform_matrix": [[-0.5033817083988179, 0.1785185668510482, -0.8454217745829222, -1.7679987179423013], [-0.8639758251824532, -0.09000029151879017, 0.4954247884662555, 0.917317933960118], [0.012354317050682996, 0.9798117517237587, 0.1995402266066435, 0.4970578203375221], [0.0, 0.0, 0.0, 1.0]]}, {"file_path": "images/00063_abstract_bg.png", "sharpness": 131.12051044396085, "transform_matrix": [[-0.45538240345990083, 0.19123279745745844, -0.869515315446301, -1.7627933254578245], [-0.8901964920481995, -0.08320612457239439, 0.44791399439928703, 0.7976130802945376], [0.013306846514689562, 0.9780116349053511, 0.20812537045155438, 0.5021375914888591], [0.0, 0.0, 0.0, 1.0]]}, {"file_path": "images/00064_abstract_bg.png", "sharpness": 136.01978204518173, "transform_matrix": [[-0.4016816695102598, 0.20332646108865451, -0.8929222735493925, -1.7635813761262003], [-0.9156731885945338, -0.07432644256366693, 0.39499138170971654, 0.6775512205279727], [0.013944463724765821, 0.9762857830353743, 0.2160361584884231, 0.5075265174118531], [0.0, 0.0, 0.0, 1.0]]}, {"file_path": "images/00065_abstract_bg.png", "sharpness": 139.63125956244988, "transform_matrix": [[-0.3431780689629039, 0.21427398973883033, -0.9145028541805093, -1.7635246365770123], [-0.9391671611039044, -0.06384738795791002, 0.33747378350767737, 0.5558601077308721], [0.013923235504968372, 0.974684650731895, 0.22315011794914555, 0.5120054952357503], [0.0, 0.0, 0.0, 1.0]]}, {"file_path": "images/00066_abstract_bg.png", "sharpness": 142.01746290817363, "transform_matrix": [[-0.2817153968317763, 0.22433779957507333, -0.932903524952999, -1.7624964427371916], [-0.9593839331882988, -0.050866787332834035, 0.2774797986999918, 0.4356317032737577], [0.014795402261054061, 0.9731829846582043, 0.22955603769816876, 0.5164548493691969], [0.0, 0.0, 0.0, 1.0]]}, {"file_path": "images/00067_abstract_bg.png", "sharpness": 142.24000752599105, "transform_matrix": [[-0.21627729305965074, 0.23352431065781118, -0.9479928949304344, -1.7620899473726441], [-0.9762089103133058, -0.03630742997854702, 0.21377075093020304, 0.3151610924633012], [0.01550148159693062, 0.9716728702913071, 0.23582098551264036, 0.5221200402801038], [0.0, 0.0, 0.0, 1.0]]}, {"file_path": "images/00068_abstract_bg.png", "sharpness": 143.78927661471062, "transform_matrix": [[-0.14872705902126943, 0.24082412956577035, -0.9591058338545201, -1.7622458664953964], [-0.9887508812074594, -0.020646827723417673, 0.14813981036991453, 0.19471792357965592], [0.01587314796625296, 0.9703491367151562, 0.24118581228959726, 0.5276879966521096], [0.0, 0.0, 0.0, 1.0]]}, {"file_path": "images/00069_abstract_bg.png", "sharpness": 139.15155050081384, "transform_matrix": [[-0.07983176283095708, 0.24643643111258873, -0.9658654021465901, -1.7619676258601304], [-0.9966668843564696, -0.003409648522381219, 0.0815076433478694, 0.07505368993772812], [0.016793191193797605, 0.9691529599178059, 0.2458872282410868, 0.5338789049018203], [0.0, 0.0, 0.0, 1.0]]}, {"file_path": "images/00070_abstract_bg.png", "sharpness": 135.76626860335563, "transform_matrix": [[-0.009178920548661098, 0.24927690716791945, -0.9683887499193493, -1.7612988232025137], [-0.9998147298147381, 0.01409771383363236, 0.013105743403146632, -0.045820155823308034], [0.016919026657743783, 0.9683296329336729, 0.2491013217939499, 0.5396708839651616], [0.0, 0.0, 0.0, 1.0]]}, {"file_path": "images/00071_abstract_bg.png", "sharpness": 134.53926306892467, "transform_matrix": [[0.060385125195441224, 0.2499208770515463, -0.9663814939602883, -1.7626599579348299], [-0.9980203310747919, 0.03216788268954575, -0.054043002180079534, -0.16555566951604345], [0.017579972027717567, 0.9677317719993789, 0.2513685780809666, 0.5457241192634892], [0.0, 0.0, 0.0, 1.0]]}, {"file_path": "images/00072_abstract_bg.png", "sharpness": 137.18997492238918, "transform_matrix": [[0.1299308239087828, 0.24789803988591905, -0.9600336154630763, -1.7614803021732046], [-0.9913660769545957, 0.04970874932209262, -0.12133565718489293, -0.2866979393748436], [0.01764319874743066, 0.9675100010137121, 0.25221640604133166, 0.5511435152327983], [0.0, 0.0, 0.0, 1.0]]}, {"file_path": "images/00073_abstract_bg.png", "sharpness": 142.7909054097931, "transform_matrix": [[0.19621270691923376, 0.2435921797080826, -0.9498228380221723, -1.7615150174217828], [-0.9803948759144583, 0.06658389578141163, -0.18545207494996074, -0.40647685626339003], [0.018068229689224544, 0.9675894970531851, 0.2518811312271363, 0.5564769594249301], [0.0, 0.0, 0.0, 1.0]]}, {"file_path": "images/00074_abstract_bg.png", "sharpness": 152.17897759196148, "transform_matrix": [[0.2603818202726511, 0.2373600833404256, -0.9358747237254188, -1.7608418236473122], [-0.9653360322602799, 0.08217356098282683, -0.24773746324563728, -0.5272926152679925], [0.018101173759805998, 0.9679399241234078, 0.25052874245580947, 0.5619926670785104], [0.0, 0.0, 0.0, 1.0]]}, {"file_path": "images/00075_abstract_bg.png", "sharpness": 162.641699033704, "transform_matrix": [[0.3200443629633919, 0.22886188073776362, -0.9193442474288572, -1.7611804184945414], [-0.9472222868859246, 0.09622691008804336, -0.30579457320480474, -0.6465543137335085], [0.018480935094242184, 0.9686911898639742, 0.24757995419250134, 0.566024702791582], [0.0, 0.0, 0.0, 1.0]]}, {"file_path": "images/00076_abstract_bg.png", "sharpness": 171.26664451353392, "transform_matrix": [[0.3764512082976954, 0.2196175607375372, -0.9000292299625056, -1.7613338444028348], [-0.9262546779035045, 0.10846615915726483, -0.36095340970760753, -0.7673628506052967], [0.018351006323421192, 0.9695376317262604, 0.2442540096570624, 0.5710954943311963], [0.0, 0.0, 0.0, 1.0]]}, {"file_path": "images/00077_abstract_bg.png", "sharpness": 178.68698155997785, "transform_matrix": [[0.42856586447109035, 0.20922080454373007, -0.8789527602529179, -1.7616705546058467], [-0.9033228895279357, 0.11904596903043482, -0.4121114103158365, -0.8882303205157569], [0.018413502248352878, 0.9705950299706255, 0.24001298033912782, 0.5759979091306134], [0.0, 0.0, 0.0, 1.0]]}, {"file_path": "images/00078_abstract_bg.png", "sharpness": 191.31261029114688, "transform_matrix": [[0.47615177090026567, 0.19906185850915797, -0.856535969796612, -1.7628730676253914], [-0.8791694081772461, 0.12820662869464478, -0.4589381353559821, -1.008143037171639], [0.018456510878631493, 0.9715644275320263, 0.23605490963026643, 0.5813735259573798], [0.0, 0.0, 0.0, 1.0]]}, {"file_path": "images/00079_abstract_bg.png", "sharpness": 201.55372297771862, "transform_matrix": [[0.5174008387785476, 0.18753662743008592, -0.8349409472551973, -1.7741196232431697], [-0.8555515745187101, 0.13400871506272288, -0.5000731622730773, -1.12847293445809], [0.018107329173930202, 0.9730733156650571, 0.22978347845482622, 0.5852719500365462], [0.0, 0.0, 0.0, 1.0]]}, {"file_path": "images/00080_abstract_bg.png", "sharpness": 213.16225019169565, "transform_matrix": [[0.552107398949475, 0.1754711196586755, -0.8150995682681825, -1.7956445015155127], [-0.8335784896646685, 0.1372818493762107, -0.5350706452424941, -1.2478331216144392], [0.018008930940416158, 0.9748659292423643, 0.22206327568691966, 0.587643740421186], [0.0, 0.0, 0.0, 1.0]]}, {"file_path": "images/00081_abstract_bg.png", "sharpness": 223.08359528838736, "transform_matrix": [[0.5856369486188048, 0.16517386988824834, -0.7935659752777945, -1.8062904192628026], [-0.8103766816925412, 0.1408807572605819, -0.568719830850545, -1.3677142454933198], [0.017860520189592863, 0.9761507081080387, 0.21635802938354726, 0.5920482293306539], [0.0, 0.0, 0.0, 1.0]]}, {"file_path": "images/00082_abstract_bg.png", "sharpness": 230.47757116444694, "transform_matrix": [[0.6235804041970218, 0.15565145347092005, -0.7661071103532917, -1.778815044144063], [-0.7815587486290699, 0.14631745746740213, -0.6064298179357932, -1.4830663085094151], [0.017703161944779746, 0.976915465469078, 0.21289145446563043, 0.5950868653313908], [0.0, 0.0, 0.0, 1.0]]}, {"file_path": "images/00083_abstract_bg.png", "sharpness": 230.08457499176893, "transform_matrix": [[0.6628823241300135, 0.1481540167753013, -0.733919213312567, -1.7137548727455776], [-0.7485117853687, 0.15444546588115396, -0.6448850325700826, -1.582809534185804], [0.01780818688566009, 0.9768300698596954, 0.21327419698066624, 0.5999645284349365], [0.0, 0.0, 0.0, 1.0]]}, {"file_path": "images/00084_abstract_bg.png", "sharpness": 226.76027198000915, "transform_matrix": [[0.7011194982378557, 0.14230964445770666, -0.6986983714629796, -1.6188140705308909], [-0.712825715572156, 0.16411967454692522, -0.6818681922818052, -1.6576085947749672], [0.017633729320327442, 0.9761212514441702, 0.2165094780126835, 0.6045599036054722], [0.0, 0.0, 0.0, 1.0]]}, {"file_path": "images/00085_abstract_bg.png", "sharpness": 222.48604504243823, "transform_matrix": [[0.7359788848222868, 0.13717586111969682, -0.6629614349430999, -1.5080155700488513], [-0.6767668010729717, 0.17501977644953237, -0.7150907458616802, -1.7046323691217566], [0.017938173296100028, 0.9749619792472041, 0.22164692860757945, 0.6084753306222148], [0.0, 0.0, 0.0, 1.0]]}, {"file_path": "images/00086_abstract_bg.png", "sharpness": 215.67538037116816, "transform_matrix": [[0.7689323939839183, 0.13195429863669486, -0.625564574247503, -1.3923865595834324], [-0.6390656372147266, 0.18677855445394861, -0.7461292669018088, -1.737697819628432], [0.01838708278920831, 0.9734997866807121, 0.22794753896261122, 0.6125712319536972], [0.0, 0.0, 0.0, 1.0]]}, {"file_path": "images/00087_abstract_bg.png", "sharpness": 205.77722919808755, "transform_matrix": [[0.800086565834728, 0.12721801491597923, -0.5862397665218819, -1.2731222128210145], [-0.5996128197175442, 0.19900970047186867, -0.7751513436410173, -1.7593739702313609], [0.018054185142753126, 0.9717050559706559, 0.23550654046097322, 0.6170256999184166], [0.0, 0.0, 0.0, 1.0]]}, {"file_path": "images/00088_abstract_bg.png", "sharpness": 196.76097858075886, "transform_matrix": [[0.8275953193065869, 0.12260603574370038, -0.5477716198024908, -1.1515243260584498], [-0.5610264369934376, 0.21250406455759735, -0.8000570976755039, -1.7570599799602242], [0.018311866542723963, 0.9694378693581736, 0.2446525965486696, 0.6212703826064684], [0.0, 0.0, 0.0, 1.0]]}, {"file_path": "images/00089_abstract_bg.png", "sharpness": 187.99020480788099, "transform_matrix": [[0.8533008572717027, 0.11745800452666745, -0.508016991991402, -1.0315666860260282], [-0.5210886700359499, 0.22676681434160054, -0.8228264761622153, -1.743977205937532], [0.018553838943568973, 0.9668404362075349, 0.25470635244233736, 0.6248363653232312], [0.0, 0.0, 0.0, 1.0]]}, {"file_path": "images/00090_abstract_bg.png", "sharpness": 182.66009858324392, "transform_matrix": [[0.879527411655066, 0.1098356515638556, -0.46299855484967245, -0.9114102731306812], [-0.4754868351259302, 0.24077276375037168, -0.8461328180953248, -1.7379069274226429], [0.018541892278521706, 0.9643467249291364, 0.263991652044492, 0.6282120562151546], [0.0, 0.0, 0.0, 1.0]]}, {"file_path": "images/00091_abstract_bg.png", "sharpness": 177.32652370541848, "transform_matrix": [[0.9053835989229807, 0.09949565356063983, -0.4127725205531651, -0.7898121221563205], [-0.42417903110568533, 0.2549507013320397, -0.8689489567635977, -1.7379574518728795], [0.01877999924159268, 0.9618215815902879, 0.2730321534465182, 0.6337214424000972], [0.0, 0.0, 0.0, 1.0]]}, {"file_path": "images/00092_abstract_bg.png", "sharpness": 174.51201579583886, "transform_matrix": [[0.9292216592579986, 0.08692307993244715, -0.3591538474538045, -0.6689446166973826], [-0.3690368940619597, 0.2681217783565295, -0.889900265643311, -1.7375998322014807], [0.0189440963604841, 0.9594556217699649, 0.28122238720822834, 0.637794785648189], [0.0, 0.0, 0.0, 1.0]]}, {"file_path": "images/00093_abstract_bg.png", "sharpness": 171.57633101798274, "transform_matrix": [[0.9504374209028289, 0.07264867715112311, -0.3023092434176829, -0.5494707802760402], [-0.31035074488267345, 0.28027547024575117, -0.9083656069718261, -1.7368164640851713], [0.018738305642447994, 0.9571665636067296, 0.28893086615129027, 0.6427266457726624], [0.0, 0.0, 0.0, 1.0]]}, {"file_path": "images/00094_abstract_bg.png", "sharpness": 169.01199793071754, "transform_matrix": [[0.9686176076999559, 0.055860654023440454, -0.24219726956695642, -0.429084102691701], [-0.24783394208203438, 0.2912596418982279, -0.9239838516735, -1.7362114839356766], [0.018927947741220745, 0.9550117320396596, 0.2959633836489163, 0.64754098611054], [0.0, 0.0, 0.0, 1.0]]}, {"file_path": "images/00095_abstract_bg.png", "sharpness": 168.9084412530007, "transform_matrix": [[0.9830278139835934, 0.037425970030783885, -0.17959847911910012, -0.30777894627781494], [-0.18247695576023457, 0.300505134138537, -0.9361617515007001, -1.7359954909426274], [0.01893350340313068, 0.9530456238416058, 0.3022342821806426, 0.6531575526390657], [0.0, 0.0, 0.0, 1.0]]}, {"file_path": "images/00096_abstract_bg.png", "sharpness": 165.7942665168668, "transform_matrix": [[0.9931525737276112, 0.017727187621065413, -0.1154716940088359, -0.1883581433601379], [-0.11531186015304933, 0.3072949860077617, -0.944602014862627, -1.7349721453922087], [0.018738735450031553, 0.9514491780402872, 0.30723496122706495, 0.6583128393593538], [0.0, 0.0, 0.0, 1.0]]}, {"file_path": "images/00097_abstract_bg.png", "sharpness": 166.80056699245537, "transform_matrix": [[0.9987328271594647, -0.003199886548066971, -0.050224502786432756, -0.06832901114050144], [-0.04673250664498143, 0.31139012476907185, -0.9491323738125156, -1.734593391413369], [0.018676530104429146, 0.9502767759565539, 0.31084600094078124, 0.6636000901313491], [0.0, 0.0, 0.0, 1.0]]}, {"file_path": "images/00098_abstract_bg.png", "sharpness": 166.16672723586447, "transform_matrix": [[0.9995862130875328, -0.02424847403761546, 0.015473012382005363, 0.052479400318256014], [0.02228787296836611, 0.31286334920792797, -0.9495366109007832, -1.733940684397754], [0.018183875381023108, 0.9494885656126915, 0.3132743373576612, 0.6692177704735343], [0.0, 0.0, 0.0, 1.0]]}, {"file_path": "images/00099_abstract_bg.png", "sharpness": 165.96238618630318, "transform_matrix": [[0.9957395333317293, -0.04528899555409589, 0.08032240435901128, 0.17273214197701717], [0.0904687173890378, 0.3113090716532153, -0.9459926390201974, -1.7337101185397803], [0.017837963288835378, 0.9492289338131846, 0.3140799870695222, 0.6743246153121255], [0.0, 0.0, 0.0, 1.0]]}, {"file_path": "images/00100_abstract_bg.png", "sharpness": 163.1143900366363, "transform_matrix": [[0.9873906048405597, -0.06591370578749758, 0.1439276792766224, 0.2923416725222569], [0.15731698925522294, 0.3072553710626011, -0.9385336977673507, -1.7335000187656882], [0.017639681523971894, 0.94934162467604, 0.3137504124191548, 0.6797900129965947], [0.0, 0.0, 0.0, 1.0]]}, {"file_path": "images/00101_abstract_bg.png", "sharpness": 161.89779687784295, "transform_matrix": [[0.9750082931815973, -0.08477119124348206, 0.20535986307521295, 0.41262166613100193], [0.22152621329243088, 0.30071742592921047, -0.9276287870516026, -1.7337066447659222], [0.016880907896957856, 0.9499383531986018, 0.3119810251776591, 0.6851947168344358], [0.0, 0.0, 0.0, 1.0]]}, {"file_path": "images/00102_abstract_bg.png", "sharpness": 160.31147243518382, "transform_matrix": [[0.9590671644683376, -0.1024208757756671, 0.2640078374670169, 0.5333574953376297], [0.2827007028708462, 0.29214634964462477, -0.9136360451436082, -1.7343177018764417], [0.016446477890265074, 0.950873532387282, 0.30914242473387266, 0.6903469771447608], [0.0, 0.0, 0.0, 1.0]]}, {"file_path": "images/00103_abstract_bg.png", "sharpness": 162.52193982061593, "transform_matrix": [[0.9401610530500198, -0.11807543466209469, 0.31961756218524184, 0.6536439375136002], [0.3403603641232679, 0.28174184079952835, -0.8970932825948323, -1.7340822667877802], [0.01587503895290241, 0.9521973150940155, 0.3050709036699379, 0.6946565400528801], [0.0, 0.0, 0.0, 1.0]]}, {"file_path": "images/00104_abstract_bg.png", "sharpness": 164.18101276349773, "transform_matrix": [[0.918805440245777, -0.13179517140740277, 0.37205724797194606, 0.7738384595056503], [0.3944149368493253, 0.2700765568757689, -0.8783481718636826, -1.7